      403410000 omit  3  1  5 10  4
      403410001 omit 15  1  9  4 12
      403410002 omit 11  2  8  2 14
      403410003 omit  2  4  1 10 12
      403410004 omit  3  0  3  5  7
      403410005 omit  5  8 15  2  7
      403410006 omit  8  6  8 13  0
      403410007 omit 13 13  1  6  1
      403410008 omit 13  1  3  5  3
      403410009 omit  1  7  7  2  2
      403410010 omit  4  6  2  7 11
      403410011 omit 10 13  4  9 15
      403410012 omit 11  2  5  3 15
      403410013 omit  5  0 12  6  6
      403410014 omit 13  4  7  0  9
      403410015 omit 10  1  1  2  4
      403410016 omit  3  6 10  5 13
      403410017 omit  5 15 10  9  9
      403410018 omit 10  4 11 15  8
      403410019 omit 10  5  8  7 11
      403410020 omit 15  4 15  6  5
      403410021 omit  9  1  6 10  3
      403410022 omit 10 13  9  4  2
      403410023 omit  6 10  2  1  3
      403410024 omit 11 11  8  6 10
      403410025 omit  0  0 15  8  7
      403410026 omit 11  7 12 10 14
      403410027 omit  1  3 15  7 13
      403410028 omit  2  2 10 11  6
      403410029 omit 13  1  0 15  2
      403410030 omit  4 10 13 12  0
      403410031 omit  8 12  0  7  4
      403410032 omit  8  2 12  4 13
      403410033 omit 10  5  0  9 12
      403410034 omit 14 11 14  8  6
      403410035 omit  5  5  7  5  4
      403410036 omit 10  9 14  7  5
      403410037 omit 14 15  1 15  7
      403410038 omit  6  7  9  2 11
      403410039 omit  6 12  0  7  5
      403410040 omit 12  5  0 11 13
      403410041 omit  6  0  3 13  5
      403410042 omit  7  7 15  6 15
      403410043 omit  4  4 14  6  3
      403410044 omit  5 12 10 15 14
      403410045 omit  5  5 10  5 12
      403410046 omit 15  2  1 15 13
      403410047 omit 15  5 13  2  2
      403410048 omit  2  9 10  1 15
      403410049 omit  9  6  4  7 12
      403410050 omit  7 13  8  2 12
      403410051 omit  6  7  1  0 13
      403410052 omit 14 15 15 15 14
      403410053 omit 12 14  3  9  0
      403410054 omit  5 11 10 15 13
      403410055 omit  9  8  3 13  0
      403410056 omit 15  5 13  7  7
      403410057 omit  9 13 14 10 13
      403410058 omit 11  8 12 10  8
      403410059 omit 10  6  6 13 15
      403410060 omit  7  2 11  1  2
      403410061 omit  8 10 10 11  8
      403410062 omit 10 10 13  7  1
      403410063 omit  4  0 14  2 11
      403410064 omit 11 14  3  7  8
      403410065 omit 11  1 15  2 14
      403410066 omit 14  9  0  9 10
      403410067 omit  2  1  4 13 12
      403410068 omit 12  7  6  9 15
      403410069 omit  7 13 15  5  0
      403410070 omit 10  0 14 14  7
      403410071 omit  6  9  8  5 11
      403410072 omit  6  4  4  7 13
      403410073 omit 14  9 15  3  6
      403410074 omit 11 15 14  2  9
      403410075 omit 13  9  6 12 15
      403410076 omit  6  7 15  4  5
      403410077 omit  7 11 14 15  0
      403410078 omit 10  6  4 14 13
      403410079 omit  2 13  6  1  0
      403410080 omit 13 12 15 11 14
      403410081 omit  8  8  8 15  4
      403410082 omit  7  5 11  6 10
      403410083 omit  0 13  5 15 13
      403410084 omit  5  9  3 10  7
      403410085 omit  0 12  4  6 13
      403410086 omit  4  3  9  4 14
      403410087 omit  8 12  6  0 11
      403410088 omit 11  7  1  6 13
      403410089 omit 11  7 11  0  6
      403410090 omit  8  5 15 11 15
      403410091 omit  6 11 11 11  1
      403410092 omit  8 15  5  2  3
      403410093 omit  3 10  0 10 10
      403410094 omit 11  5  1 12 11
      403410095 omit 14  7  2  9  7
      403410096 omit  8  1 13  7 12
      403410097 omit 12 14  7  8  9
      403410098 omit  9  0  8 14  2
      403410099 omit 12  1 12 12 11
